$ANSIBLE_VAULT;1.1;AES256
61616632616638336234313964336464386230313466316139616631653431316365636233373830
3364346432303262303437313964333565383739393165380a373931346534316133396265613130
33633538393039343931306361393161393931653830353835666631326264643037643536643737
3230663337393463340a633333623030636433333639356532373464373164633732663731393566
39383235613231353232376138326431333138383030373364303238383064613634353166353166
32646139356363346336383561396630316437656466303334313638363639343066633730313333
36386337336235613064336166346537346437306137633964396561623035663263306366643933
33336437393966383535343331303130653062646366356130373265616262336435636264316266
38613464323966393464393163616162363133656338386564613663326137346637373161326561
65336431646237663737643530383563356434333430616334646664613437363935343034646363
35343165316362393566376639363166393836333033313434393161623265373532333566643939
32646263316633393964323233333439616331656537313234373662666435613433323135306430
30343764626161376335353034646166353837383262346135343436386664383564336363356636
39353733333934613034663264626165386631383734353266316132336562376536343938633964
35353731333634613737383438366439626362373233633632313637656364333638363934323565
31336532393636313936613066393264353939366365313961643234393436313734353263326335
33376562316131663738386130323762653763363038343061393934633130303738376337393132
38383030393038383934376131656362366430343135393130636562303730316262353933383862
66613365386561636366653239626166633330333732326336353733353138663639636639663739
38316437646637656334396630363261373863316133633136626130353261333733383136626266
36653633326165636639646538396361663931613631323638316466666264313666363664373633
39323866656430333339343464343961323330663165303365643139353430376335303662373733
35666136666166343463616435656231383034393832326365613464656331353466643335323533
63613965643436326132306435616432313936386165623232326564616633643961356339343134
62636266323638623236303232333666326138666137633332633864386231373730373562643664
31633064383564613434303661383565656130633737366632383036323361653865333132346437
62663263316635653563396639636535353965356536656334633165353166353732636438336163
63323135656263653435333436343531333739643338366335346364316239396461323236333933
33616465373063633137323063323864386131343734626632656431623232366665616465333933
39633630323837633631653661346232323438353830643564333031363235643731346337626334
61383738346363666231323533613438353463366432313030313038313832663062613034373034
65396463333334313930383832663163663537623734633730316332653037623035643731353161
37386565613634636133336362363663316431356666633736326439393537376332343732306335
66366333656230373766313964343965333138366431376565303039623435366533336561653662
34613661623236646436356135363330383465336533356336613034316566656239386337336336
36653763613962373361623963303264643139623939383666633833383631343530393034323463
36306665353335383364643636386462313635333862366365393034633162373161656534333637
32323635383461396263636331336330383664336231343435376432633433613463346262643632
32643339666536386636386366656334616164343937373663393134666135373238653465313066
37383366623434346232326530633732626639613362393739313830373732356236326431353834
61396338643064356432376163383766343766343663666631316461353132393831376663366563
63343763643330333361616465393332336163623730343465396161386135383131336565343931
62336231333566646235313031383632633064653364366238393765386461326638626464333932
30613837626366396433313761656665646539346261396463653834326434343334376138653533
30303935303561303863353330323634333365363235313061623836643561346630316236323133
30633736663139386638653934393964643664313361313661623330646663353064326631616536
64353766636466646635656664353534356361386231373964336538383733353534623438626366
35343163313736643138393830306331343833396163363635643238643731326361653932636536
30356261663834346238646463663766663735323364333963393163343535393964663932323334
31643033656666613961313862343933633437636539306264653961663437356161616661363465
64613365393232303534643830633765356661396537393139666236373463343066373537616437
31363261313039363564343935386565366534373435343236383237363434643865353730376631
35343864306430303265356562626466323830326236336138393736643931306234393665633238
65336539646666363937633937323439613561646435666463663265663466643164346134613531
61316638313135333237636237316537646135633763343339356239636264633934386135333061
64613465343132343764313663366131313865376133303632303231623763316238633230333532
36336539326138366530643361366132613937656439636430633462373739623161623335633761
64373334623238366132663731373437396134666535336163633435323632393131663733323631
35663534326638303834363861663466376563316564633239636334336439346230316431383530
62336164366632633766356465633435636337633462393931316236323266396465326438343436
61393337646635653033356434323338626534653261376265303937343531643663343462643665
62303533386435366337313064653261336561326163373532396464666661643132663931303931
36626662306166633961326664356563343935316663633130316239653466303730616361643164
36653834383061356466613662363761613435313338303933386436313233336333393837336661
35323064323937323333303066346266303165333635393265326562333332616132353232303532
38623164376133333261663135353832336235316561613361366566643032366564373962376162
64333238653762363830643738336366353366363436653066336633386639376134306136383532
61373234376362646535613339353136383633363963666331333635643438323033336435306364
37623333393539666435373361376535636632333661383963623437383365633137663561363134
39353233396631666234376534623839343336313365313264353830613531386433326639616237
38303730343637646666356133353637333061383238633236396635366438303332333438323038
35336137626232653963326537373365616439373731393833326239306231313537653039306137
36386138373634383137666639343239393431616166626434346433333330616637333364613534
66653664636534623638643732633232316433326563616464663132636163396165363732386234
66376236383861313964383461616339353761613136373464333164643035613861613434333466
31353538653362653539663561643339346465663330356235303136383130666561666562333066
62386636633166323538616662643634613730656533383839373664383631616661323031653737
39376632333136633230366230313863323162396439373961613663306233376365333030316461
33663130643736303562633930663230346366313037633264363536653061653763626264323563
37653839633431633430663036356138383633363439383561373063666633626262356138636538
38316263646164343639666437326631643731663339323931636533643365386165333663633930
36336434613031616337376338383337636431653432366336316166633165636639333535373437
64313535376263326330306462643834393830343863333864356435636139363638613463323661
34353062343333656437613237363938646338613630326538663030313033656361653362366435
62663333653831616335363636613338363235343635383361396366356464303461386338623134
39326332386564396336376632393462336433336437373731356435373630386530333130386235
34393230323963666432616262356364373038613235346361623530613936363135623263653465
38303766616237323238646534356561663439313663636261643333653962306135666337666539
37383136313031336139366238623135633233646265323936353935333365363839313535353364
63393065353738656461376439313765396566303131633837313863646137303336633633316435
34353733373830373564386539326261343138633038393863323937313530313664396363326462
61303635313833633766643564326262363461356237383735353461366332666461633838343938
30656637383163616433386131303739383966613466386363313932376436636636643333643136
61666165383234333636636132613133666238643534343662356661613361613230383835303533
64366664383736326162313831336434616333313739616161333435626362306435626363353531
36343261626435373931663262353337383331626661663763623366623833323063656631626632
32646361663435363339626439356463373135623563656461633363356361353733626136663733
32623437356266316633343930323837656431616661646235633863346533373333653962323032
62303738333330383737306634633939623038303461386534643030353666613238643562663332
63303363303533653533616461666661376464346361316535616661623231636333383432393563
33356235623932626136336237643763346266626630383934663634626132636539326562383831
36373764363461383761663432393965323066306166363764373965623666643537396137653939
65386466376232343163653962616433313565646266343733363161646531646135636534333933
36393030373932646565383933623633376363663036383636346363363439653265313738633066
39343532633836343464383830646635376432646634383931626632636466616562363563643637
35613335616335656264313961303938633366313630646534363130636633303632643132346432
38653464663032663162623830656636663661336361653731643065623135373764623836623733
30333863326132616266653438363035316539646531653032666137653531373264613236393235
65333863643530613730353837316637613733643764633766383732373135373763373939633937
37653336303764393362363135333232623338646531646464323237386566613537306662353766
38303732326531616561313433303263376138383631373539383262643233353838303165336136
61646438343865656463616233623036663335386462353431653663373365653239633831623332
61346161636262663933303931663030316334653166383536396635653339356230653435383037
39613333643331643634613630626661383762383164653335333831643734313431353139636437
36396334666236376364643239383165663031613732363035656433646236666636373439306239
34306131333166636466346137376361376562366664383030363061333965636163663661616430
30353766316237343937373264616639326365333332633534313866653139663931373839333136
62663562383034306339303064313264396464333531666633396139386538353539303561613932
32353464373361343430623738666531303938646233386236616561663631353038323361646462
62626463316661323732613134353232373733663736663866366432333336626364653330613965
39363231643966333063376464623566386536386136663266396532666537613837383635303139
36623936383839343539636532636661363735323335323633346666316233623565316532376537
31306166356631643334366461373561343139366634323334306239623837373433633863336561
65343839666634393065653361376335663933303364306335363831313431336665343161336338
62393838346536333966653231386637373334666236306232363165336531316462363065613033
35393964323633623031623664616364653936323265626566343064393565346237343963306131
66313365353961373365643765313630313038623963626266363730643662666539613835316438
33396337636233343430353439356538366665356638656535323163666465363735376431383664
30333738383062303463383032363834373234643762393463303139306633383862663931363766
30333932616134633232373731643131303464656637373131663133393530343133306262313132
64366662343032643832613636333933383632396261323732613831376330313834656166336266
30333239613731643734343666313035326230643432366133636337336534313536373639306532
32656264393932333134333039393536363466333338616539393764333466346561333734393438
35346433633837336164323266303637303638646366333539386661383435353734326336316661
33376136386339636135643931383133386166336165316338613765383031633066643233656432
64373966343638313763333464373230656232356333646335626166323532343161363164383430
31363437616264366166326438393737376562663938626131323562636164656135636132613463
63313537323432323339393531633564346534343837643961616330306661333436303939333333
38316530623133303130656337366166383338396639656637373130373264366365666430636437
31616165376638326661653036653933316365643861356430613033336236346463323539613837
65396633376361353164646464343730326262333931396466623861363762393739303232313030
64663032383764383338643332323562633466313335313966623735656633363136386438366630
61666639623166633661376336383362633937363965336634633331633861656230643138393235
64623437313832393233623637373936616264666266363931663363393465663966636563306634
30646666633739363233633536323731303538653635373235666136363632643630303166386461
65653738393333393338633661303531613261663630376336383464633631633630343938613232
36396533623239636136623239346632396563613434633463633633383631376130616366366631
39386266633862626165323064353137616133393363316666316530393464376663646333326264
65393766386436343530303536383764326165666132343663666536653036303038383362623137
61646165306563303132343962653337386332656266633565313835356532376538383865333139
64363738376637313363363164616232633630386163306166306536636332653439653439373962
30306532623539663535353232643662323437376437316561656135386533383533383561386165
39376137313337323230306238353965646433396636316239653466613065316234333461653038
63383333646432363439303535636466366566333333636336636337646430396364633562396236
35353637366562313535396331613639653165383632663436373630386236663364386366623237
64666235353164663661666238303666663131633734643062326434646232366261643265356366
66386361353530373838613834373137386532363031613664333134333039386333363964306639
31623034356635303934316462333063393537666365626166633665653038313031323639623331
38643530393265333066343662343835323939313130343361656537393432303132343633653330
39336632653937356137363832633131313363633632376464653133616230313063666464623461
33323532393965326365633339626566366262313165616539646466323035333732646466313565
33306439653764333863646131303233623530366130323938306565623031356462666437363435
35393139613837306162333633333437396634313634303837633963366539666438343036623062
37636137633634343434376633316635396366393134336637646232643531323664383834313934
64323533646433363666393861366131323036653931643663356433336439666235316132393733
32323734393638663438356461643730383939353464663631376230633738333135653933366431
33353439303532366634643337356366323932663232376334396165626534626233303764353239
31376534663031646662386465343933666233663530363933376330623234383366343666666130
66393362313366336538373031396239333536303465626561353964393734663237613437646364
62666530653163313839393861366465643137653863356162343239653232336463373763333033
33303661626535633839356263396162623963303937356261323364636536343938326166376163
64376565393039376437333361623130623131383334663032383964663137623666323633373864
3838
